0.6030860543251038 -0.07769465446472168 -0.7938831448554993 -58.18062210083008 0.1287514865398407 0.9916765689849854 0.0007561467937193811 0.8072302341461182 0.7872167825698853 -0.10266972333192825 0.6080695390701294 -4.029759883880615
0.5266454815864563 -0.023782212287187576 -0.8497521281242371 -59.522117614746094 0.26107901334762573 0.9558228850364685 0.13505643606185913 -0.985326886177063 0.8090007901191711 -0.2929793894290924 0.5095888376235962 -2.438300848007202
0.5505068898200989 -0.03794857859611511 -0.8339675068855286 -57.06385040283203 0.2636890709400177 0.9557293057441711 0.13057354092597961 -3.7803947925567627 0.7920923233032227 -0.29178982973098755 0.5361421704292297 -4.5479912757873535
0.4049757122993469 -0.07345911115407944 -0.911371648311615 -56.938621520996094 0.3129071295261383 0.9477149248123169 0.06265489012002945 -3.693220853805542 0.8591180443763733 -0.31054815649986267 0.40678727626800537 -3.945068120956421
0.4154304265975952 -0.05904068425297737 -0.9077067971229553 -58.13693618774414 0.28169500827789307 0.9571853876113892 0.0666649341583252 -1.060958743095398 0.8649078011512756 -0.2833908796310425 0.41427525877952576 -4.429490566253662
0.5768060684204102 -0.06446333974599838 -0.8143335580825806 -59.77499008178711 0.18253463506698608 0.9818461537361145 0.051569003611803055 -2.8796958923339844 0.7962260246276855 -0.1783890724182129 0.5781015157699585 -2.2084996700286865
0.4284876883029938 -0.09728507697582245 -0.8982948064804077 -61.23200225830078 0.25089219212532043 0.9679010510444641 0.014852650463581085 -2.391514301300049 0.8680158257484436 -0.2317391186952591 0.4391414523124695 -5.0049614906311035
0.46057045459747314 -0.07574799656867981 -0.8843849897384644 -58.57235336303711 0.2254290133714676 0.9736660122871399 0.03400425985455513 -2.6306209564208984 0.8585200309753418 -0.21502715349197388 0.4655172526836395 -1.684292197227478
0.5659094452857971 -0.08420567214488983 -0.8201558589935303 -60.3295783996582 0.1364891529083252 0.9906129240989685 -0.007528524845838547 -1.302292823791504 0.8130911588668823 -0.10768163204193115 0.5720900893211365 -3.9853947162628174
0.4762658178806305 -0.0024924026802182198 -0.8792977333068848 -58.543704986572266 0.2710932791233063 0.9516997933387756 0.1441388726234436 -1.8979685306549072 0.8364683389663696 -0.30701982975006104 0.4539375603199005 -3.066585063934326
0.3341732919216156 0.035537317395210266 -0.9418413639068604 -60.946956634521484 0.12690256536006927 0.988493025302887 0.08232431858778 -1.4884740114212036 0.9339292645454407 -0.1470324546098709 0.32581812143325806 -5.832825660705566
0.3028872609138489 -0.17804279923439026 -0.9362479448318481 -59.966129302978516 0.13178801536560059 0.9807810187339783 -0.1438758820295334 0.004818179178982973 0.9438703060150146 -0.07980787009000778 0.3205299377441406 -6.456883907318115
0.48085519671440125 -0.1666635274887085 -0.8608143925666809 -59.32915115356445 0.24612751603126526 0.9679511785507202 -0.049918122589588165 -4.514206886291504 0.8415458798408508 -0.18786689639091492 0.5064662098884583 -5.526509761810303
0.5116882920265198 -0.021191664040088654 -0.8589096665382385 -59.75469207763672 0.20787666738033295 0.9730470776557922 0.09983331710100174 -2.6467394828796387 0.8336440324783325 -0.2296309769153595 0.5023034811019897 -2.938326835632324
0.3860929608345032 -0.07138912379741669 -0.9196934103965759 -57.57482147216797 0.19776016473770142 0.9802259206771851 0.00693329144269228 -0.011729813180863857 0.9010122418403625 -0.184555783867836 0.3925776779651642 -3.5382163524627686
0.4664880633354187 0.08535244315862656 -0.8804001808166504 -56.55870056152344 0.014729095622897148 0.9944458603858948 0.10421324521303177 -3.849553346633911 0.8844048976898193 -0.06158170849084854 0.46263954043388367 -5.663912296295166
0.47169631719589233 0.06153678894042969 -0.8796115517616272 -57.86024475097656 0.07635889202356339 0.9909635186195374 0.11027472466230392 -5.067656993865967 0.8784486055374146 -0.11918230354785919 0.46273455023765564 -6.376075744628906
0.45494434237480164 -0.049142349511384964 -0.8891632556915283 -57.443763732910156 0.19476346671581268 0.9797942638397217 0.04550014063715935 -0.5815662145614624 0.8689607977867126 -0.1938765048980713 0.45532262325286865 -3.9554085731506348
0.5015714764595032 -0.18958963453769684 -0.8440864682197571 -60.72972869873047 0.21214811503887177 0.9728546738624573 -0.09244992583990097 -2.3707826137542725 0.8387009501457214 -0.1327010989189148 0.5281772613525391 -5.899517059326172
0.31481271982192993 -0.08113226294517517 -0.9456799626350403 -59.68014144897461 0.06269525736570358 0.9959415793418884 -0.06457336992025375 -1.664484977722168 0.9470809698104858 -0.038961127400398254 0.3186216652393341 -8.751297950744629
0.46558046340942383 -0.10318319499492645 -0.8789699673652649 -56.36934280395508 0.14084044098854065 0.9891614317893982 -0.04151711240410805 -0.47758156061172485 0.873727023601532 -0.10446495562791824 0.47506657242774963 -9.344096183776855
0.41174963116645813 -0.29400673508644104 -0.8625673651695251 -58.791812896728516 0.1691664457321167 0.9547351598739624 -0.24467019736766815 -5.067656993865967 0.8954579830169678 -0.04517481476068497 0.44284766912460327 -5.207113265991211
0.3463239073753357 -0.13682323694229126 -0.9280837178230286 -56.121971130371094 0.2494334578514099 0.9671258926391602 -0.049500636756420135 -1.0438133478164673 0.9043465852737427 -0.2143520712852478 0.36906686425209045 -9.457667350769043
0.3967498540878296 -0.18452420830726624 -0.8991888761520386 -59.44906234741211 0.11940552294254303 0.9816380143165588 -0.14875854551792145 -5.067656993865967 0.9101274013519287 -0.04834840074181557 0.41149768233299255 -8.778116226196289
0.39679136872291565 0.0012457617558538914 -0.9179078936576843 -57.9851188659668 0.1671130508184433 0.983188807964325 0.07357335835695267 -5.067656993865967 0.9025683999061584 -0.18258774280548096 0.38991275429725647 -10.877716064453125
0.544682502746582 -0.19494983553886414 -0.8156685829162598 -57.592498779296875 0.1341911256313324 0.9803345203399658 -0.14469686150550842 -5.067656993865967 0.8278366923332214 -0.030641745775938034 0.5601316094398499 -9.786490440368652
0.41757693886756897 -0.2666037678718567 -0.8686493039131165 -58.7052001953125 0.06284788995981216 0.9621719121932983 -0.26509547233581543 -5.067656993865967 0.9064654111862183 0.05610492825508118 0.41853630542755127 -6.7907915115356445
0.34500792622566223 -0.23104527592658997 -0.9097184538841248 -54.248878479003906 0.2067403793334961 0.9641315937042236 -0.1664591282606125 -2.9550564289093018 0.9155478477478027 -0.1306457817554474 0.3803996741771698 -8.239487648010254
0.57407546043396 -0.13706809282302856 -0.8072482347488403 -58.7222785949707 0.1909351497888565 0.9811190962791443 -0.03080698475241661 -1.148464560508728 0.7962293028831482 -0.13644647598266602 0.589407742023468 -13.29261589050293
0.4294213354587555 -0.13072867691516876 -0.8935924172401428 -56.93747329711914 0.2533482313156128 0.9671736359596252 -0.019745152443647385 -5.067656993865967 0.8668401837348938 -0.2179110050201416 0.44844508171081543 -10.349166870117188
0.35489362478256226 -0.15970362722873688 -0.9211652874946594 -58.19514083862305 0.268670916557312 0.9611610770225525 -0.06312737613916397 -5.067656993865967 0.8954700231552124 -0.22508662939071655 0.3840177655220032 -12.358627319335938
0.3748423457145691 -0.21442583203315735 -0.9019507169723511 -54.18779373168945 0.3147948682308197 0.9445213079452515 -0.09371994435787201 -5.067656993865967 0.8720077276229858 -0.24879901111125946 0.4215468466281891 -12.268777847290039
0.45288947224617004 -0.05752503499388695 -0.8897089958190918 -56.14551544189453 0.18850989639759064 0.9815334677696228 0.03249600902199745 -1.389201045036316 0.8714098930358887 -0.1824358105659485 0.45537033677101135 -12.19062614440918
0.26861387491226196 -0.18334679305553436 -0.9456380009651184 -57.98186492919922 0.20703710615634918 0.9697625041007996 -0.12921415269374847 -2.5789215564727783 0.9407349228858948 -0.16107328236103058 0.2984509766101837 -9.908151626586914
0.28145089745521545 -0.1622210443019867 -0.945764422416687 -54.07956314086914 0.2760784924030304 0.9576224684715271 -0.08209654688835144 -3.109161853790283 0.9190027713775635 -0.23799888789653778 0.31430917978286743 -14.116072654724121
0.20138806104660034 -0.09690140932798386 -0.9747068881988525 -54.79003143310547 0.09672607481479645 0.9921982288360596 -0.07865530997514725 -5.067656993865967 0.9747239947319031 -0.07843921333551407 0.2091894894838333 -9.654001235961914
0.2100820541381836 -0.18496035039424896 -0.9600285887718201 -56.350399017333984 0.2029179185628891 0.9688084721565247 -0.14224709570407867 -5.067656993865967 0.9563942551612854 -0.1649235486984253 0.24106070399284363 -14.116072654724121
0.24523389339447021 -0.2215801626443863 -0.9438020586967468 -54.704925537109375 0.3461732268333435 0.9293642640113831 -0.12824180722236633 -4.477095127105713 0.905552089214325 -0.29526984691619873 0.3046163022518158 -14.116072654724121
0.25141605734825134 -0.15965157747268677 -0.954620897769928 -56.02644348144531 0.1523851901292801 0.9805302023887634 -0.12385089695453644 -2.4334449768066406 0.9558079242706299 -0.11433206498622894 0.27084922790527344 -14.116072654724121
0.32547634840011597 -0.029343847185373306 -0.9450948238372803 -53.3515739440918 0.17227254807949066 0.9846294522285461 0.02875649742782116 -3.3259053230285645 0.9297242164611816 -0.17217355966567993 0.3255285620689392 -14.116072654724121
0.28654590249061584 -0.1784089356660843 -0.9413085579872131 -51.4182243347168 0.2580545246601105 0.9605699181556702 -0.10350488871335983 -5.067656993865967 0.9226587414741516 -0.21325014531612396 0.3212864398956299 -11.975178718566895
0.43669766187667847 -0.11482876539230347 -0.8922497630119324 -53.68544006347656 0.15383785963058472 0.9867427945137024 -0.05169631168246269 -1.7268130779266357 0.8863570690155029 -0.1146862730383873 0.44857311248779297 -14.116072654724121
0.4457761347293854 0.045117106288671494 -0.8940066695213318 -50.75491714477539 0.17418460547924042 0.9752662181854248 0.13607126474380493 -3.4242501258850098 0.8780336976051331 -0.21637940406799316 0.42689207196235657 -9.978536605834961
0.3800782263278961 -0.1941419392824173 -0.904350221157074 -54.58174514770508 0.27528607845306396 0.9571606516838074 -0.08978237956762314 -5.067656993865967 0.8830390572547913 -0.21483059227466583 0.41724085807800293 -10.947676658630371
0.4399084150791168 -0.17934751510620117 -0.8799516558647156 -53.3122673034668 0.26390883326530457 0.9624072909355164 -0.06421896815299988 -1.46076238155365 0.8583894968032837 -0.20397642254829407 0.4707028567790985 -11.479480743408203
0.3012155294418335 0.07422680407762527 -0.9506624937057495 -48.4177360534668 0.25645896792411804 0.9539254903793335 0.1557401865720749 -4.241440296173096 0.9184214472770691 -0.29071730375289917 0.26830142736434937 -13.346226692199707
0.29758602380752563 0.1067473515868187 -0.9487081170082092 -49.56105422973633 0.04049118608236313 0.9914238452911377 0.1242547407746315 -5.067656993865967 0.9538359642028809 -0.07539080083370209 0.2907119691371918 -8.538064956665039
0.20170581340789795 -0.08196454495191574 -0.9760103821754456 -52.078861236572266 0.30460110306739807 0.9523278474807739 -0.017025573179125786 -2.2845184803009033 0.9308775067329407 -0.29385972023010254 0.21705693006515503 -11.164178848266602
0.5692077875137329 0.04549108073115349 -0.8209346532821655 -52.80732345581055 0.1829266995191574 0.9664355516433716 0.18038928508758545 -5.067656993865967 0.8015862107276917 -0.2528497278690338 0.5417818427085876 -12.611106872558594
0.3577672243118286 0.012263713404536247 -0.9337308406829834 -53.062744140625 0.23844319581985474 0.9655671119689941 0.10404378175735474 -5.067656993865967 0.9028552174568176 -0.25986507534980774 0.3425246775150299 -8.314753532409668
0.37512263655662537 0.1298956274986267 -0.9178295731544495 -47.779273986816406 0.10441989451646805 0.9779101014137268 0.18107591569423676 -5.067656993865967 0.9210752248764038 -0.16376528143882751 0.3532731533050537 -10.556498527526855
0.45603618025779724 -0.049008384346961975 -0.8886101841926575 -49.35483932495117 0.09749683737754822 0.9952240586280823 -0.004852727986872196 -3.5501906871795654 0.8846045732498169 -0.0844237208366394 0.4586370885372162 -6.620665550231934
0.3803960978984833 -0.013846458867192268 -0.9247194528579712 -52.424434661865234 0.08498436212539673 0.9961807131767273 0.020043013617396355 -4.150327682495117 0.920910656452179 -0.08621103316545486 0.38012075424194336 -8.712005615234375
0.4743422865867615 0.10263410955667496 -0.8743366003036499 -49.02361297607422 0.039731092751026154 0.9896730184555054 0.1377275288105011 -3.6966049671173096 0.8794434666633606 -0.10006840527057648 0.4653667211532593 -6.974642276763916
0.5484914779663086 0.06757893413305283 -0.8334208130836487 -50.98292922973633 0.13535088300704956 0.9764075875282288 0.16824917495250702 0.0202113538980484 0.8251284956932068 -0.20508818328380585 0.5264047384262085 -8.484041213989258
0.39171209931373596 0.12063407897949219 -0.9121454358100891 -47.49698257446289 0.13445909321308136 0.9732192754745483 0.1864522248506546 -5.067656993865967 0.9102100133895874 -0.1956823319196701 0.36500170826911926 -5.418662071228027
0.5829894542694092 0.04904067516326904 -0.8109983801841736 -50.1976203918457 0.09591145068407059 0.9870433211326599 0.1286311000585556 0.1256716102361679 0.8067986965179443 -0.1527753621339798 0.5707325339317322 -7.4629225730896
0.5932143330574036 0.05525634065270424 -0.8031457662582397 -46.54214859008789 0.0454302616417408 0.9937542080879211 0.10192564129829407 -0.11158625781536102 0.8037617206573486 -0.09695085883140564 0.5869994163513184 -8.267605781555176
0.5951883792877197 -0.10904964804649353 -0.7961523532867432 -51.405303955078125 0.23587274551391602 0.9708161354064941 0.04336069896817207 -2.5198237895965576 0.7681893110275269 -0.21359840035438538 0.60354083776474 -4.443240642547607
0.5484117269515991 -0.11825263500213623 -0.827804684638977 -50.14788055419922 0.28143900632858276 0.9582986831665039 0.04955672845244408 -0.7483801245689392 0.7874240875244141 -0.26015397906303406 0.5588236451148987 -6.217357158660889
0.62444669008255 -0.20320279896259308 -0.75417160987854 -46.25094223022461 0.22870095074176788 0.9708147644996643 -0.07221221923828125 0.6484540104866028 0.7468348741531372 -0.12738679349422455 0.6526949405670166 -7.045173645019531
0.6204209923744202 -0.14194926619529724 -0.7713157534599304 -48.04765319824219 0.3045281767845154 0.9499177932739258 0.07013452798128128 -3.0006518363952637 0.7227312326431274 -0.2784000039100647 0.6325767040252686 -5.8202128410339355
0.617868185043335 -0.12444204837083817 -0.7763715982437134 -48.789039611816406 0.3219352066516876 0.9408766031265259 0.10539957135915756 -2.441922426223755 0.7173539996147156 -0.31506410241127014 0.6214001774787903 -3.008789539337158
0.6185359358787537 -0.18164893984794617 -0.7644715309143066 -47.734092712402344 0.2155449092388153 0.9748153686523438 -0.05723193287849426 -2.1918551921844482 0.755614697933197 -0.12937819957733154 0.6421119570732117 -1.9451661109924316
0.5754672884941101 -0.22515270113945007 -0.7862209677696228 -47.25770568847656 0.2282816767692566 0.9673680067062378 -0.10994002968072891 0.922301709651947 0.7853183150291443 -0.11621320247650146 0.608086884021759 -4.007620334625244
0.5637891888618469 -0.11363061517477036 -0.8180645704269409 -45.147891998291016 0.16443605720996857 0.9861043095588684 -0.023646889254450798 -3.3683688640594482 0.8093839883804321 -0.12118768692016602 0.5746399760246277 -2.1995861530303955
0.6307637691497803 -0.13510972261428833 -0.7641221880912781 -42.88850402832031 0.24698740243911743 0.9684687852859497 0.03264057636260986 -0.14629551768302917 0.7356183528900146 -0.20931699872016907 0.6442442536354065 -4.257445812225342
0.628463089466095 -0.2808855175971985 -0.7253536581993103 -47.58580780029297 0.3129350244998932 0.9450296759605408 -0.09481833875179291 0.3455159366130829 0.7121136784553528 -0.16739864647388458 0.6818140149116516 -2.018606185913086
0.6816213726997375 -0.18357042968273163 -0.7083041071891785 -43.444725036621094 0.24913059175014496 0.9684047102928162 -0.011234580539166927 0.714044988155365 0.687987208366394 -0.1688023954629898 0.7058171629905701 -1.2134071588516235
0.6673240065574646 -0.2268051952123642 -0.7093926072120667 -43.85989761352539 0.31450793147087097 0.9492242336273193 -0.007626629434525967 -0.5129482746124268 0.6751025319099426 -0.21802020072937012 0.7047722339630127 -5.578012466430664
0.5744316577911377 -0.31955936551094055 -0.7535980343818665 -41.54263687133789 0.23954060673713684 0.9459699392318726 -0.21854333579540253 1.080861210823059 0.7827187180519104 -0.054979126900434494 0.6199426054954529 -0.45889216661453247
0.7209883332252502 -0.16239111125469208 -0.673650324344635 -45.28128433227539 0.13395628333091736 0.9864777326583862 -0.09443222731351852 -1.701490879058838 0.6798761487007141 -0.022155173122882843 0.7329923510551453 -0.4918767809867859
0.583716869354248 -0.05507403239607811 -0.8100879788398743 -40.30067443847656 0.24850520491600037 0.9619383215904236 0.1136653870344162 0.49478569626808167 0.7729941010475159 -0.26765942573547363 0.5751857161521912 -4.803521633148193
0.6625925302505493 -0.039473824203014374 -0.7479398250579834 -42.3493537902832 0.21528048813343048 0.9665074348449707 0.13970595598220825 -3.0974671840667725 0.7173740267753601 -0.2535848915576935 0.6488985419273376 -2.1792008876800537
0.5177072882652283 0.026015404611825943 -0.8551628589630127 -44.48881530761719 0.1137528046965599 0.9885703921318054 0.09893886744976044 -1.9628041982650757 0.8479620218276978 -0.1484985500574112 0.5088306069374084 -1.7519824504852295
0.6152749061584473 -0.08917272835969925 -0.7832526564598083 -43.473445892333984 0.18596190214157104 0.9819585680961609 0.034284718334674835 0.7980179190635681 0.7660645842552185 -0.16674982011318207 0.6207573413848877 -1.207545280456543
0.6021218299865723 -0.13037128746509552 -0.7876879572868347 -41.539955139160156 0.12060127407312393 0.990109384059906 -0.07168491184711456 -2.16904878616333 0.7892430424690247 -0.05183324217796326 0.6118895411491394 -2.461745500564575
0.46706727147102356 -0.20338088274002075 -0.8605138063430786 -43.951297760009766 0.14033274352550507 0.9779034852981567 -0.15495647490024567 -1.3475384712219238 0.8730148077011108 -0.048383258283138275 0.4852878451347351 -3.189650058746338
0.7097760438919067 -0.00022198597434908152 -0.7044270634651184 -41.84569549560547 0.09691186249256134 0.990522027015686 0.09733547270298004 0.5275722146034241 0.6977292895317078 -0.13735368847846985 0.7030706405639648 -1.2549383640289307
0.5944582223892212 0.002447097096592188 -0.8041225075721741 -43.12030792236328 0.18663838505744934 0.9722673296928406 0.14093363285064697 -3.6799168586730957 0.7821672558784485 -0.23385921120643616 0.5775160193443298 -4.764930248260498
0.5210314989089966 -0.014786159619688988 -0.8534091114997864 -41.72693634033203 0.0335591658949852 0.9994316697120667 0.003172639524564147 1.5002630949020386 0.8528774976730347 -0.03029268980026245 0.521232008934021 -1.9522572755813599
0.6368036866188049 -0.005205169785767794 -0.7710079550743103 -38.48101806640625 0.12297771126031876 0.9878613352775574 0.09490267932415009 0.23341692984104156 0.761155366897583 -0.15525123476982117 0.6297142505645752 -1.9646892547607422
0.5290823578834534 -0.06393562257289886 -0.8461580276489258 -36.04486846923828 0.2467360645532608 0.9656654000282288 0.08131271600723267 -3.2237396240234375 0.8119071125984192 -0.25179892778396606 0.5266921520233154 -2.0871622562408447
0.5480332374572754 -0.17068074643611908 -0.8188571333885193 -39.07001876831055 0.2554236352443695 0.9663487672805786 -0.030476978048682213 -1.2460218667984009 0.7965037822723389 -0.19245313107967377 0.5731875896453857 0.35860344767570496
0.7087715268135071 -0.012919343076646328 -0.7053195834159851 -38.24561309814453 0.018314752727746964 0.9998322129249573 9.04115368030034e-05 -0.9875832796096802 0.7052003145217896 -0.01298181526362896 0.7088894844055176 -2.008293628692627
0.7038013935089111 -0.09008333086967468 -0.7046618461608887 -34.783546447753906 0.17328885197639465 0.9837337136268616 0.04731760174036026 1.5835919380187988 0.6889373064041138 -0.1554122120141983 0.707963764667511 -1.3615539073944092
0.5183022618293762 -0.07102139294147491 -0.852243185043335 -39.81882095336914 0.07119300216436386 0.9966697692871094 -0.03976023197174072 -0.2754950225353241 0.8522290587425232 -0.04006590321660042 0.521632730960846 -2.929589033126831
0.6858919262886047 -0.2264707386493683 -0.6915658116340637 -36.00534439086914 0.17360684275627136 0.9738242626190186 -0.14672091603279114 0.030384022742509842 0.706691563129425 -0.01942586712539196 0.7072552442550659 -0.330231249332428
0.5116750597953796 -0.10422379523515701 -0.852834165096283 -37.866947174072266 0.2046130746603012 0.9788379669189453 0.0031392022501677275 -2.2243406772613525 0.8344591856002808 -0.176107257604599 0.5221726298332214 -1.210758924484253
0.6662577986717224 -0.0884317085146904 -0.7404596209526062 -34.72651290893555 0.25755515694618225 0.959129810333252 0.1171983852982521 -2.0163090229034424 0.6998327970504761 -0.2687934935092926 0.6618039011955261 0.8327915668487549
0.608392059803009 -0.19081799685955048 -0.7703555226325989 -37.6527214050293 0.22257040441036224 0.9727358222007751 -0.06517181545495987 -2.978970527648926 0.7617883682250977 -0.1318083107471466 0.6342750191688538 0.91533362865448
0.5691304802894592 -0.1357317715883255 -0.810966968536377 -38.002994537353516 0.30791425704956055 0.9496966004371643 0.05714084580540657 -3.240149736404419 0.7624167799949646 -0.28222888708114624 0.5822948813438416 -3.8817243576049805
0.6785333752632141 -0.2114286571741104 -0.7034845352172852 -35.477203369140625 0.2835325598716736 0.9588498473167419 -0.014701228588819504 -3.3084685802459717 0.6776443123817444 -0.18948549032211304 0.7105584144592285 -2.9061951637268066
0.838121771812439 -0.1150350570678711 -0.5332155823707581 -33.91616439819336 0.24139602482318878 0.9548007845878601 0.17344523966312408 -2.6818504333496094 0.4891623854637146 -0.27408450841903687 0.8280079960823059 -2.694146156311035
0.828523576259613 -0.08081429451704025 -0.5540918111801147 -36.020137786865234 0.1323513388633728 0.989755392074585 0.05354684218764305 -1.1972582340240479 0.5440880656242371 -0.11769972741603851 0.830731213092804 -3.7232515811920166
0.7751996517181396 -0.18024280667304993 -0.6054568886756897 -35.31340026855469 0.2992208003997803 0.9488621354103088 0.10063519328832626 1.5524399280548096 0.5563563704490662 -0.2591778039932251 0.7894896268844604 -2.5409092903137207
0.7778831124305725 -0.14128193259239197 -0.6123209595680237 -30.768146514892578 0.16965779662132263 0.9854319095611572 -0.011839787475764751 -3.384159564971924 0.6050736904144287 -0.09467504173517227 0.7905205488204956 -1.1787054538726807
0.6662575006484985 -0.04071184992790222 -0.7446094155311584 -32.33821105957031 0.18373626470565796 0.9766880869865417 0.11100169271230698 -2.70015549659729 0.7227323055267334 -0.2107674479484558 0.6582062244415283 -0.689885675907135
0.6939101219177246 -0.055541031062603 -0.7179161906242371 -32.942073822021484 0.08591762185096741 0.9962843656539917 0.00596792995929718 -3.0077078342437744 0.7149174809455872 -0.06582284718751907 0.6961039304733276 -4.033874988555908
0.6963645815849304 0.018205316737294197 -0.7174574732780457 -34.972110748291016 -0.033506132662296295 0.9994128346443176 -0.007161151617765427 -4.060418128967285 0.7169057130813599 0.029026051983237267 0.696566104888916 -4.149868011474609
0.6868992447853088 -0.05271899700164795 -0.7248382568359375 -32.183555603027344 0.15401047468185425 0.9852725267410278 0.07428854703903198 0.5610802173614502 0.7102466821670532 -0.16266128420829773 0.6849026083946228 -5.778499603271484
0.8202510476112366 -0.04333934560418129 -0.5703596472740173 -33.522979736328125 0.07834570109844208 0.9962404370307922 0.036971013993024826 0.1682884395122528 0.566612958908081 -0.07501062750816345 0.8205631375312805 -2.661896228790283
0.8324752449989319 -0.12379187345504761 -0.5400559902191162 -28.998167037963867 0.1545710414648056 0.9879110455513 0.011815638281404972 -4.807741641998291 0.5320645570755005 -0.09331316500902176 0.8415461778640747 -2.9564318656921387
0.8459249138832092 -0.06885693222284317 -0.528838038444519 -28.74417495727539 0.08916719257831573 0.9959324598312378 0.012956308200955391 -1.017576813697815 0.5257948040962219 -0.05811499059200287 0.8486239314079285 -7.382098197937012
0.7364107966423035 -0.11356444656848907 -0.6669349074363708 -34.26749801635742 0.2012421041727066 0.9779577255249023 0.05568094179034233 -2.8640363216400146 0.6459106802940369 -0.1752193421125412 0.743032693862915 -3.743117332458496
0.7612558007240295 -0.1299450397491455 -0.635298490524292 -29.145103454589844 0.15646712481975555 0.987576425075531 -0.014511637389659882 0.3500996530056 0.6292913556098938 -0.08835629373788834 0.7721301913261414 -6.561625957489014
0.7741110920906067 -0.0601356066763401 -0.6301873326301575 -33.22030258178711 0.16428643465042114 0.980455219745636 0.10824663192033768 -0.6506184935569763 0.6113607287406921 -0.18732617795467377 0.7688605189323425 -8.662558555603027
0.7772908210754395 -0.15206260979175568 -0.6104885339736938 -32.02568435668945 0.12720419466495514 0.9882954359054565 -0.08420830965042114 -2.8516628742218018 0.6161477565765381 -0.012202390469610691 0.7875357270240784 -4.085104465484619
0.5161294341087341 -0.07315318286418915 -0.8533809781074524 -27.485929489135742 0.21509885787963867 0.9754858613014221 0.04647275060415268 -5.067656993865967 0.8290613889694214 -0.20754724740982056 0.519212007522583 -4.040833473205566
0.5043909549713135 -0.16455014050006866 -0.8476515412330627 -32.16211700439453 0.2800145745277405 0.9597935676574707 -0.01969839632511139 -2.746983766555786 0.8168118000030518 -0.22741909325122833 0.5301874876022339 -6.556403160095215
0.587765634059906 -0.14646732807159424 -0.7956626415252686 -31.648319244384766 0.11809655278921127 0.9884740710258484 -0.09472112357616425 -4.29138708114624 0.8003653883934021 -0.038291189819574356 0.5982882380485535 -9.623598098754883
0.4913138151168823 -0.11042530089616776 -0.8639541864395142 -26.51219367980957 0.2540987432003021 0.9669521450996399 0.020911158993840218 -0.06845223903656006 0.8330933451652527 -0.229803666472435 0.5031359195709229 -10.233989715576172
0.5517174601554871 -0.08118925243616104 -0.8300698399543762 -28.91605567932129 0.18175989389419556 0.9830336570739746 0.024658620357513428 -2.5836374759674072 0.813984751701355 -0.16447803378105164 0.5571138262748718 -6.392789840698242
0.5573314428329468 -0.0851566344499588 -0.8259115219116211 -30.521718978881836 0.19875141978263855 0.9794898629188538 0.03312750533223152 -1.56132173538208 0.8061510324478149 -0.18261413276195526 0.5628255009651184 -8.53061580657959
0.5313266515731812 -0.027964169159531593 -0.8467053771018982 -28.75926971435547 0.09364693611860275 0.995268702507019 0.02589477226138115 -0.7284727096557617 0.841975212097168 -0.09304995834827423 0.5314314365386963 -7.977871894836426
0.7100092768669128 -0.09643804281949997 -0.6975575685501099 -25.50187110900879 0.1503746211528778 0.9884930849075317 0.016398686915636063 -0.9410140514373779 0.6879493594169617 -0.11653818935155869 0.716340959072113 -5.803225517272949
0.5755897760391235 -0.04841197282075882 -0.8163042664527893 -28.18086051940918 0.07987336069345474 0.9968011379241943 -0.0027965393383055925 -5.066891193389893 0.8138284087181091 -0.06359131634235382 0.5776152014732361 -6.1355767250061035
0.724913477897644 -0.10588930547237396 -0.6806525588035583 -24.140853881835938 0.19557468593120575 0.9790900945663452 0.055975086987018585 -2.9488725662231445 0.6604927778244019 -0.17369550466537476 0.7304648756980896 -10.50523567199707
0.6975551843643188 -0.04751073196530342 -0.7149541974067688 -25.244447708129883 0.2512810528278351 0.950650691986084 0.1819925159215927 -4.933950424194336 0.6710248589515686 -0.3066042959690094 0.6750698089599609 -5.423046588897705
0.6324225664138794 -0.1689838469028473 -0.7559670805931091 -28.19967269897461 0.2972843647003174 0.9541318416595459 0.03542020916938782 -3.3450255393981934 0.7153065800666809 -0.24713775515556335 0.6536506414413452 -5.738324165344238
0.7470406889915466 0.007194667123258114 -0.6647393703460693 -24.71787452697754 0.09359944611787796 0.9888420104980469 0.11589053273200989 -1.219312310218811 0.6581560373306274 -0.14879417419433594 0.7380316257476807 -9.936641693115234
0.7114790678024292 -0.1227293387055397 -0.6919068694114685 -26.987417221069336 0.22517316043376923 0.9725284576416016 0.059037160128355026 -2.7033309936523438 0.6656535267829895 -0.1978025585412979 0.7195688486099243 -5.1965813636779785
0.7287194728851318 -0.020032966509461403 -0.6845192313194275 -25.145557403564453 0.10857587307691574 0.9903084635734558 0.08660465478897095 -2.0589616298675537 0.6761503219604492 -0.1374327689409256 0.7238320112228394 -7.618869781494141
0.633599042892456 -0.11232117563486099 -0.7654648423194885 -21.703285217285156 0.16618429124355316 0.986068844795227 -0.00713585689663887 0.1090720146894455 0.7556024193763733 -0.1226869523525238 0.6434382200241089 -8.92143726348877
0.6308265924453735 0.010867416858673096 -0.7758479118347168 -25.508045196533203 0.14481662213802338 0.980683445930481 0.13148412108421326 -0.6200041174888611 0.7622899413108826 -0.19529934227466583 0.6170673370361328 -7.058356285095215
0.7737259268760681 0.031131278723478317 -0.6327552795410156 -24.198951721191406 0.08025843650102615 0.9859277009963989 0.14664633572101593 -1.7797307968139648 0.6284160614013672 -0.1642480045557022 0.7603392004966736 -6.976985454559326
0.7763576507568359 -0.14660032093524933 -0.6130066514015198 -20.337472915649414 0.27064117789268494 0.955887496471405 0.11416025459766388 -0.43439123034477234 0.5692293047904968 -0.2545340359210968 0.7817866802215576 -8.44494342803955
0.696854293346405 -0.19848515093326569 -0.6892008185386658 -22.3004150390625 0.20837387442588806 0.9755226969718933 -0.07025600224733353 0.038939666002988815 0.6862756609916687 -0.09465323388576508 0.7211563587188721 -8.696529388427734
0.759254515171051 -0.1771373748779297 -0.6262227892875671 -19.9393367767334 0.2591720521450043 0.9649487733840942 0.04127781465649605 -2.386967897415161 0.5969609022140503 -0.19363979995250702 0.7785508036613464 -6.427396297454834
0.8259895443916321 -0.10254742205142975 -0.5542791485786438 -21.475683212280273 0.1577291041612625 0.986079752445221 0.05261366441845894 -3.8427798748016357 0.5411679744720459 -0.1308843046426773 0.8306662440299988 -6.562647342681885
0.7285423278808594 -0.1640467494726181 -0.6650674939155579 -21.315969467163086 0.19756831228733063 0.9799627065658569 -0.025294918566942215 0.14454907178878784 0.6558908224105835 -0.11296785622835159 0.7463546991348267 -6.872060298919678
0.6927260756492615 -0.1405227780342102 -0.7073782682418823 -22.884479522705078 0.22402463853359222 0.9742406010627747 0.025848539546132088 -4.4726457595825195 0.6855242252349854 -0.1763761341571808 0.7063623666763306 -4.7103190422058105
0.7895413637161255 -0.17620335519313812 -0.5878577828407288 -17.04558753967285 0.27321115136146545 0.958655059337616 0.07959968596696854 -0.44646474719047546 0.5495269894599915 -0.22345653176307678 0.8050386309623718 -4.218447685241699
0.7166088819503784 -0.055096063762903214 -0.6952956914901733 -22.25372314453125 0.13591668009757996 0.9887952208518982 0.06172970309853554 -3.427776336669922 0.6841039061546326 -0.13873833417892456 0.7160680294036865 -6.34901762008667
0.6889002323150635 -0.1916486918926239 -0.6990616917610168 -18.058366775512695 0.31349408626556396 0.9483275413513184 0.04895198345184326 -0.914623498916626 0.6535577774047852 -0.2528747320175171 0.7133839130401611 -9.374667167663574
0.88889479637146 -0.1882145255804062 -0.4176616966724396 -19.31282615661621 0.18547968566417694 0.9814969301223755 -0.047550540417432785 -2.782776355743408 0.41888323426246643 -0.035200335085392 0.9073575735092163 -9.811986923217773
0.7425379157066345 -0.2632855772972107 -0.6158881783485413 -16.623991012573242 0.23252475261688232 0.9636450409889221 -0.13160733878612518 -2.1027073860168457 0.6281477212905884 -0.045485809445381165 0.7767634391784668 -4.936858654022217
0.8873908519744873 -0.08343195915222168 -0.45340555906295776 -19.177350997924805 0.10042618215084076 0.994853138923645 0.013486222364008427 0.3742557764053345 0.4499466121196747 -0.05750134214758873 0.8912023901939392 -7.458140850067139
0.8608769178390503 -0.07152343541383743 -0.5037611722946167 -18.756933212280273 0.11168231815099716 0.9924882650375366 0.04994148761034012 -4.830568313598633 0.4964050054550171 -0.09925467520952225 0.8623981475830078 -6.6341376304626465
0.8632729649543762 -0.11258470267057419 -0.49202078580856323 -14.415698051452637 0.19230593740940094 0.97464519739151 0.1143902838230133 -2.4904887676239014 0.4666670560836792 -0.19336853921413422 0.8630356192588806 -4.436044692993164
0.8560375571250916 -0.15919816493988037 -0.49178820848464966 -19.925575256347656 0.1995294839143753 0.9794244170188904 0.03026137873530388 -1.752217173576355 0.47685179114341736 -0.12403110414743423 0.8701888918876648 -5.507124423980713
0.9606376886367798 0.003976142033934593 -0.2777758836746216 -18.051660537719727 0.047780461609363556 0.9826325178146362 0.17930562794208527 -3.249908208847046 0.2736646234989166 -0.1855199933052063 0.9437638521194458 -5.274500846862793
0.9344168901443481 -0.055503830313682556 -0.35183006525039673 -17.220584869384766 0.07558383792638779 0.9961864948272705 0.043585389852523804 -1.3555971384048462 0.3480692505836487 -0.0673195943236351 0.9350487589836121 -5.632176876068115
0.946601152420044 -0.14823561906814575 -0.2863081991672516 -13.252992630004883 0.166427880525589 0.9852361679077148 0.0401446670293808 -3.0600879192352295 0.27613040804862976 -0.08565066009759903 0.9572963118553162 -7.74972677230835
0.9265127182006836 -0.15589848160743713 -0.34244704246520996 -11.857439041137695 0.21371394395828247 0.9671081900596619 0.13794241845607758 -2.9981486797332764 0.30967822670936584 -0.20099112391471863 0.9293555617332458 -7.308638095855713
0.9374165534973145 -0.26112401485443115 -0.2303573191165924 -14.449925422668457 0.27440449595451355 0.9612339735031128 0.027045095339417458 -3.357661724090576 0.21436505019664764 -0.08856362104415894 0.9727301597595215 -8.327583312988281
0.9281476140022278 -0.1185690313577652 -0.3528222143650055 -14.76346206665039 0.11751401424407959 0.992769181728363 -0.02449207380414009 0.21746160089969635 0.35317492485046387 -0.018729306757450104 0.9353697299957275 -9.560364723205566
0.9065523743629456 -0.161295548081398 -0.3900595009326935 -11.844466209411621 0.21070058643817902 0.973665177822113 0.08707192540168762 -2.8953495025634766 0.3657432198524475 -0.16112102568149567 0.9166635274887085 -9.057483673095703
0.9679684638977051 -0.12380558997392654 -0.21842443943023682 -13.807881355285645 0.13579583168029785 0.9899003505706787 0.04070442169904709 -3.020829439163208 0.2111792117357254 -0.06906173378229141 0.9750045537948608 -6.662034511566162
0.9240378737449646 -0.33246371150016785 -0.1887374371290207 -14.599580764770508 0.33318230509757996 0.9424206018447876 -0.028863193467259407 -2.307313919067383 0.18746623396873474 -0.03621329739689827 0.9816033244132996 -6.347591876983643
0.9277968406677246 -0.21504390239715576 -0.30487555265426636 -10.444013595581055 0.286128431558609 0.9345428347587585 0.2115660309791565 0.3686710000038147 0.23942340910434723 -0.2835238575935364 0.9285961985588074 -7.125612258911133
0.9466869831085205 -0.09605620801448822 -0.3075009882450104 -13.615081787109375 0.14131930470466614 0.9815961122512817 0.1284443438053131 -0.8300405144691467 0.2895040214061737 -0.1650524139404297 0.9428389668464661 -6.442371845245361
0.9457864165306091 -0.1066538617014885 -0.3067784011363983 -12.945184707641602 0.13838303089141846 0.986848771572113 0.08354426175355911 0.28198882937431335 0.2938337028026581 -0.1214679554104805 0.9481073617935181 -7.008512020111084
0.9689340591430664 -0.21190807223320007 -0.12752114236354828 -12.118400573730469 0.20680975914001465 0.9769914746284485 -0.05212732031941414 -1.5146944522857666 0.13563326001167297 0.024135306477546692 0.990464985370636 -7.724381446838379
0.9424922466278076 -0.30378106236457825 -0.13937479257583618 -11.51777172088623 0.30758973956108093 0.951499342918396 0.006123748142272234 -3.616603136062622 0.1307547390460968 -0.048641860485076904 0.9902206659317017 -6.675119400024414
0.972430408000946 -0.16275985538959503 -0.16699756681919098 -9.353178024291992 0.1788628101348877 0.9800807237625122 0.08631183952093124 -3.3688783645629883 0.14962299168109894 -0.11380194127559662 0.9821720719337463 -9.298012733459473
0.9792646765708923 -0.11759667843580246 -0.16495971381664276 -11.795711517333984 0.12008946388959885 0.9927495121955872 0.005185042042285204 -1.1350983381271362 0.16315381228923798 -0.02488739788532257 0.9862866401672363 -3.8628129959106445
0.9905305504798889 -0.12936516106128693 -0.04597741737961769 -8.386260986328125 0.13160152733325958 0.9900667667388916 0.049484748393297195 -1.8157076835632324 0.03911898285150528 -0.055066801607608795 0.9977160096168518 -7.106857776641846
0.9830973744392395 -0.10606259852647781 -0.14923250675201416 -10.338873863220215 0.11616040021181107 0.9913778305053711 0.06063613295555115 1.1206750869750977 0.14151445031166077 -0.07694607973098755 0.9869411587715149 -4.573784351348877
0.9873254895210266 0.05766074359416962 -0.1478637158870697 -9.347126007080078 -0.060345422476530075 0.9980830550193787 -0.013731613755226135 0.9252858757972717 0.14678855240345 0.02248050831258297 0.9889125823974609 -7.841434478759766
0.960620641708374 -0.09305938333272934 -0.2618166208267212 -9.584541320800781 0.07200724631547928 0.9934338331222534 -0.08890479058027267 -3.8911471366882324 0.26837095618247986 0.06655111908912659 0.9610142111778259 -7.202054023742676
0.9718899726867676 -0.11223938316106796 -0.20695939660072327 -10.53150749206543 0.11849579215049744 0.9927905201911926 0.018045108765363693 0.49886444211006165 0.20344200730323792 -0.04206162318587303 0.9781832695007324 -3.8094871044158936
0.9814096689224243 0.15861250460147858 -0.10806046426296234 -10.213168144226074 -0.13570691645145416 0.9716334939002991 0.19367997348308563 -4.208942413330078 0.1357153058052063 -0.17541489005088806 0.975095272064209 -4.254226207733154
0.9891653656959534 0.1338561475276947 -0.06028509885072708 -8.52733325958252 -0.1313190460205078 0.9903514981269836 0.04426310583949089 0.8514711260795593 0.06562838703393936 -0.03586697205901146 0.9971992373466492 -2.704343557357788
0.99750155210495 0.05911191925406456 0.03868240490555763 -10.571640968322754 -0.06053473800420761 0.9974909424781799 0.036705803126096725 -0.8174495697021484 -0.036415547132492065 -0.038955748081207275 0.9985770583152771 -7.009074687957764
0.9935008883476257 0.05213537812232971 -0.10118284821510315 -9.385819435119629 -0.048772621899843216 0.9981813430786133 0.035430051386356354 -0.3489990234375 0.10284599661827087 -0.03026481531560421 0.9942367672920227 -8.186695098876953
0.9660645127296448 0.09442415833473206 -0.24042363464832306 -9.614256858825684 -0.06440448015928268 0.9894454479217529 0.12980696558952332 -3.932138681411743 0.25014299154281616 -0.1099175214767456 0.9619494080543518 -5.107751846313477
0.9800857901573181 0.17027191817760468 -0.10217313468456268 -7.314955711364746 -0.16173450648784637 0.9830120801925659 0.08677087724208832 -3.7148613929748535 0.115212082862854 -0.06851796060800552 0.990975022315979 -5.247443675994873
0.9847726821899414 -0.03944000229239464 -0.16931454837322235 -8.401488304138184 0.07628368586301804 0.9731888175010681 0.21698948740959167 0.8689134120941162 0.1562170833349228 -0.22660118341445923 0.9613783955574036 -5.673048496246338
