[[-4.52722460e-01 -9.55493320e-02 -8.86517197e-01 -5.92441006e+01]
 [-2.06816635e-01  9.78379719e-01  1.66032333e-04 -2.33546363e+00]
 [-8.67334543e-01 -1.83421843e-01  4.62697087e-01 -4.58772910e+00]]

[[-4.52722460e-01 -9.55493301e-02 -8.86517167e-01 -5.92441025e+01]
 [-2.06816629e-01  9.78379726e-01  1.66032332e-04 -2.33546352e+00]
 [-8.67334545e-01 -1.83421835e-01  4.62697089e-01 -4.58772898e+00]
 [ 0.00000000e+00  0.00000000e+00  0.00000000e+00  1.00000000e+00]]



[[ 4.52722460e-01  9.55493320e-02  8.86517197e-01 -5.92441006e+01]
 [ 2.06816635e-01 -9.78379719e-01 -1.66032333e-04 -2.33546363e+00]
 [ 8.67334543e-01  1.83421843e-01 -4.62697087e-01 -4.58772910e+00]]
 
 [[ 4.52722460e-01  9.55493301e-02  8.86517167e-01 -5.92441025e+01]
 [ 2.06816629e-01 -9.78379726e-01 -1.66032332e-04 -2.33546352e+00]
 [ 8.67334545e-01  1.83421835e-01 -4.62697089e-01 -4.58772898e+00]
 [ 0.00000000e+00  0.00000000e+00  0.00000000e+00  1.00000000e+00]]


[[ 4.52722460e-01  9.55493320e-02  8.86517197e-01 -5.92441006e+01]
 [-2.06816635e-01  9.78379719e-01  1.66032333e-04  2.33546363e+00]
 [-8.67334543e-01 -1.83421843e-01  4.62697087e-01  4.58772910e+00]]

[[ 4.52722460e-01  9.55493301e-02  8.86517167e-01 -5.92441025e+01]
 [-2.06816629e-01  9.78379726e-01  1.66032332e-04  2.33546352e+00]
 [-8.67334545e-01 -1.83421835e-01  4.62697089e-01  4.58772898e+00]
 [ 0.00000000e+00  0.00000000e+00  0.00000000e+00  1.00000000e+00]]


[[ 4.31413293e-01  7.61816949e-02  8.98932159e-01 -3.90805359e+01]
 [-9.02142465e-01  3.13083641e-02  4.30302143e-01 -1.71364098e+01]
 [ 4.63671796e-03 -9.96602356e-01  8.22338164e-02  1.56358421e+00]]



[[ 4.31413293e-01  7.61816931e-02  8.98932130e-01 -3.90805378e+01]
 [-9.02142465e-01  3.13083730e-02  4.30302146e-01 -1.71364099e+01]
 [ 4.63671085e-03 -9.96602362e-01  8.22338175e-02  1.56358432e+00]
 [ 0.00000000e+00  0.00000000e+00  0.00000000e+00  1.00000000e+00]]

